p/0.bmp 1 443 297 28 59
p/1.bmp 1 548 274 10 28
p/2.bmp 1 576 250 50 111
p/3.bmp 2 526 235 37 94 490 233 8 35
p/4.bmp 1 424 168 98 193
p/5.bmp 2 435 201 37 102 528 261 10 19
p/6.bmp 3 518 227 6 16 722 260 57 85 770 274 39 70
p/7.bmp 4 353 263 35 99 442 197 16 40 505 245 45 92 568 226 33 71
p/8.bmp 2 498 224 76 131 589 222 102 146
p/9.bmp 1 330 221 113 198
p/10.bmp 1 498 219 12 23
p/11.bmp 1 503 229 168 20
p/12.bmp 2 420 311 146 167 563 172 16 53
p/13.bmp 1 527 213 27 42
p/14.bmp 4 492 223 17 41 465 228 13 33 455 230 10 33 506 211 17 36
p/15.bmp 2 294 287 135 216 565 298 36 57
p/16.bmp 3 197 248 155 288 437 174 26 73 518 197 39 50
p/17.bmp 1 391 409 95 102
p/18.bmp 1 518 220 23 50
p/19.bmp 2 403 73 45 103 427 153 22 23
p/20.bmp 2 454 198 41 68 758 182 43 55
p/21.bmp 1 529 229 63 90
p/22.bmp 4 292 186 60 100 706 183 81 121 761 189 66 115 902 205 55 113
p/23.bmp 2 689 282 110 150 563 296 35 61
p/24.bmp 1 484 200 63 109
p/25.bmp 5 507 249 28 56 472 232 18 56 515 152 24 58 481 160 35 45 487 198 20 48
p/26.bmp 1 485 180 25 64
p/27.bmp 2 430 236 31 77 509 239 20 42
p/28.bmp 2 252 209 62 92 513 213 88 118
p/29.bmp 1 524 238 18 39
p/30.bmp 3 589 186 18 26 485 231 21 50 477 233 13 42
p/31.bmp 2 576 259 52 85 387 243 26 55
p/32.bmp 1 480 244 11 23
p/33.bmp 2 522 247 11 32 518 239 5 25
p/34.bmp 1 501 274 35 70
p/35.bmp 1 508 264 51 85
p/36.bmp 1 506 171 43 76
p/37.bmp 2 343 169 95 121 570 177 13 39
p/38.bmp 1 417 201 36 98
p/39.bmp 1 539 263 40 81
p/40.bmp 1 613 179 91 149
p/41.bmp 1 339 152 82 206
p/42.bmp 1 537 213 63 117
p/43.bmp 1 453 312 45 68
p/44.bmp 1 539 267 24 60
p/45.bmp 1 488 263 36 69
p/46.bmp 1 603 192 26 54
p/47.bmp 2 469 122 37 96 509 153 38 64
p/48.bmp 1 347 225 92 174
p/49.bmp 1 273 173 165 331
p/50.bmp 1 308 166 99 200
p/51.bmp 1 471 319 32 78
p/52.bmp 1 285 85 136 244
p/53.bmp 1 329 154 116 225
p/54.bmp 1 461 142 74 185
p/55.bmp 1 466 167 136 270
p/56.bmp 1 463 228 24 72
p/57.bmp 1 120 190 192 266
p/58.bmp 1 163 169 197 354
p/59.bmp 1 427 249 16 50
p/60.bmp 1 294 116 133 302
p/61.bmp 1 220 258 188 279
p/62.bmp 1 307 87 232 447
p/63.bmp 1 600 208 48 124
p/64.bmp 1 386 87 118 308
p/65.bmp 2 358 113 114 276 774 150 70 138
p/66.bmp 2 471 222 12 27 462 218 9 23
p/67.bmp 1 481 282 25 59
p/68.bmp 1 432 266 14 31
p/69.bmp 1 511 217 14 30
p/70.bmp 2 478 207 12 41 460 220 9 25
p/71.bmp 1 464 221 29 72
p/72.bmp 1 356 334 57 93
p/73.bmp 1 356 338 64 82
p/74.bmp 1 428 124 86 204
p/75.bmp 5 402 251 42 80 438 251 44 96 482 250 29 62 494 251 46 94 508 246 31 54
p/76.bmp 1 248 172 147 199
p/77.bmp 1 339 225 40 95
p/78.bmp 1 482 235 32 30
p/79.bmp 1 446 245 18 35
p/80.bmp 1 520 253 19 40
p/81.bmp 1 481 239 30 76
p/82.bmp 2 431 199 43 101 525 258 13 21
p/83.bmp 1 512 197 73 181
p/84.bmp 1 466 231 89 163
p/85.bmp 1 503 200 63 94
p/86.bmp 1 205 125 217 412
p/87.bmp 1 536 204 33 70